{
  "type": "Feature",
  "stac_version": "1.1.0",
  "stac_extensions": [
    "https://stac-extensions.github.io/projection/v2.0.0/schema.json",
    "https://stac-extensions.github.io/pointcloud/v2.0.0/schema.json",
    "https://stac-extensions.github.io/timestamps/v1.1.0/schema.json",
    "https://github.com/tum-rsa/topo4d/v0.1.0/schema.json"
  ],
  "id": "161112_140116",
  "geometry": {
    "type": "Polygon",
    "coordinates": [
      [
        [
          4.2376881938375135,
          52.059182481715176
        ],
        [
          4.2376881938375135,
          52.08340340613657
        ],
        [
          4.199697067359015,
          52.08340340613657
        ],
        [
          4.199697067359015,
          52.059182481715176
        ],
        [
          4.2376881938375135,
          52.059182481715176
        ]
      ]
    ]
  },
  "bbox": [
    4.199697067359015,
    52.059182481715176,
    4.2376881938375135,
    52.08340340613657
  ],
  "properties": {
    "topo4d:tz": "Europe/Amsterdam",
    "topo4d:data_type": "pointcloud",
    "topo4d:acquisition_mode": "TLS",
    "topo4d:global_trafo": [
      [
        0.708647477,
        0.705554059,
        0.003496133,
        75124.664999332
      ],
      [
        -0.705561978,
        0.708645222,
        0.002060151,
        454173.49757747503
      ],
      [
        -0.00102397,
        -0.003926659,
        0.999991766,
        37.853088875
      ],
      [
        0.0,
        0.0,
        0.0,
        1.0
      ]
    ],
    "proj:code": "EPSG:7415",
    "instruments": [
      "RIEGL VZ2000"
    ],
    "pc:count": 1080185,
    "pc:type": "lidar",
    "timestamps:published": "2021-04-01T00:00:00Z",
    "topo4d:trafometa": {
      "reference_epoch": {
        "rel": "161111_200058",
        "href": "c:/Users/jiapan/02_projects/2025_4DWORKS/4D-WORKS/demo/kijkduin/data/161111_200058.json",
        "type": "application/json",
        "title": "Reference Epoch"
      },
      "transformation": [
        [
          0.9999999993521564,
          -9.697207422064132e-06,
          3.466484555313214e-05,
          -5.032648867343736e-05
        ],
        [
          9.69482404665515e-06,
          0.9999999975894263,
          6.875433240360449e-05,
          -0.0010296936731907973
        ],
        [
          -3.4665512194592445e-05,
          -6.875399628948418e-05,
          0.9999999970355952,
          0.00037256628641027626
        ],
        [
          0.0,
          0.0,
          0.0,
          1.0
        ]
      ]
    },
    "datetime": "2016-11-12T14:01:16Z"
  },
  "links": [
    {
      "rel": "root",
      "href": "./collection.json",
      "type": "application/json",
      "title": "Kijkduin TLS Point Clouds Collection"
    },
    {
      "rel": "collection",
      "href": "./collection.json",
      "type": "application/json",
      "title": "Kijkduin TLS Point Clouds Collection"
    },
    {
      "rel": "parent",
      "href": "./collection.json",
      "type": "application/json",
      "title": "Kijkduin TLS Point Clouds Collection"
    }
  ],
  "assets": {
    "pointcloud": {
      "href": "../../demo/kijkduin/data/161112/161112_140116.laz",
      "type": "application/vnd.laszip+copc",
      "roles": [
        "data"
      ]
    }
  },
  "collection": "Kijkduin"
}