{
  "type": "Feature",
  "stac_version": "1.1.0",
  "stac_extensions": [
    "https://stac-extensions.github.io/projection/v2.0.0/schema.json",
    "https://stac-extensions.github.io/pointcloud/v2.0.0/schema.json",
    "https://stac-extensions.github.io/timestamps/v1.1.0/schema.json",
    "https://tum-rsa.github.io/topo4d/v0.1.0/schema.json"
  ],
  "id": "161112_120115",
  "geometry": {
    "type": "Polygon",
    "coordinates": [
      [
        [
          4.236019366447923,
          52.06033779542893
        ],
        [
          4.236019366447923,
          52.081326020661926
        ],
        [
          4.203122131383204,
          52.081326020661926
        ],
        [
          4.203122131383204,
          52.06033779542893
        ],
        [
          4.236019366447923,
          52.06033779542893
        ]
      ]
    ]
  },
  "bbox": [
    4.203122131383204,
    52.06033779542893,
    4.236019366447923,
    52.081326020661926
  ],
  "properties": {
    "topo4d:tz": "Europe/Amsterdam",
    "topo4d:data_type": "pointcloud",
    "topo4d:acquisition_mode": "TLS",
    "topo4d:global_trafo": [
      [
        0.708647477,
        0.705554059,
        0.003496133,
        75124.664999332
      ],
      [
        -0.705561978,
        0.708645222,
        0.002060151,
        454173.49757747503
      ],
      [
        -0.00102397,
        -0.003926659,
        0.999991766,
        37.853088875
      ],
      [
        0,
        0,
        0,
        1
      ]
    ],
    "proj:code": "EPSG:7415",
    "instruments": [
      "RIEGL VZ2000"
    ],
    "pc:count": 1083657,
    "pc:type": "lidar",
    "timestamps:published": "2021-04-01T00:00:00Z",
    "topo4d:trafometa": {
      "reference_epoch": {
        "rel": "161111_200058",
        "href": "c:/Users/jiapan/02_projects/2025_4DWORKS/4D-WORKS/demo/kijkduin/data/161111_200058.json",
        "type": "application/json",
        "title": "Reference Epoch"
      },
      "transformation": [
        [
          0.9999999997353743,
          -0.000022623524217771168,
          -0.000004174612167382942,
          0.00009200138462917194
        ],
        [
          0.000022623713033994617,
          0.9999999987209749,
          0.00004523514164242514,
          -0.0020070658006044947
        ],
        [
          0.000004173588783721065,
          -0.00004523523607568247,
          0.9999999989681774,
          0.00009354551784120583
        ],
        [
          0,
          0,
          0,
          1
        ]
      ]
    },
    "datetime": "2016-11-12T12:01:15Z"
  },
  "links": [
    {
      "rel": "root",
      "href": "./collection.json",
      "type": "application/json",
      "title": "Kijkduin TLS Point Clouds Collection"
    },
    {
      "rel": "collection",
      "href": "./collection.json",
      "type": "application/json",
      "title": "Kijkduin TLS Point Clouds Collection"
    },
    {
      "rel": "parent",
      "href": "./collection.json",
      "type": "application/json",
      "title": "Kijkduin TLS Point Clouds Collection"
    }
  ],
  "assets": {
    "pointcloud": {
      "href": "../../demo/kijkduin/data/161112/161112_120115.laz",
      "type": "application/vnd.laszip+copc",
      "roles": [
        "data"
      ]
    }
  },
  "collection": "Kijkduin"
}