{
  "type": "Feature",
  "stac_version": "1.1.0",
  "stac_extensions": [
    "https://stac-extensions.github.io/projection/v2.0.0/schema.json",
    "https://stac-extensions.github.io/pointcloud/v2.0.0/schema.json",
    "https://stac-extensions.github.io/timestamps/v1.1.0/schema.json",
    "https://stac-extensions.github.io/topo4d/v1.0.0/schema.json"
  ],
  "id": "161111_210058",
  "geometry": {
    "type": "Polygon",
    "coordinates": [
      [
        [
          4.234753811536763,
          52.061594352512294
        ],
        [
          4.234753811536763,
          52.08169104123894
        ],
        [
          4.2032338520347565,
          52.08169104123894
        ],
        [
          4.2032338520347565,
          52.061594352512294
        ],
        [
          4.234753811536763,
          52.061594352512294
        ]
      ]
    ]
  },
  "bbox": [
    4.2032338520347565,
    52.061594352512294,
    4.234753811536763,
    52.08169104123894
  ],
  "properties": {
    "topo4d:tz": "Europe/Amsterdam",
    "topo4d:data_type": "pointcloud",
    "topo4d:acquisition_mode": "TLS",
    "topo4d:global_trafo": [
      [
        0.708647477,
        0.705554059,
        0.003496133,
        75124.664999332
      ],
      [
        -0.705561978,
        0.708645222,
        0.002060151,
        454173.49757747503
      ],
      [
        -0.00102397,
        -0.003926659,
        0.999991766,
        37.853088875
      ],
      [
        0,
        0,
        0,
        1
      ]
    ],
    "proj:code": "EPSG:7415",
    "instruments": [
      "RIEGL VZ2000"
    ],
    "pc:count": 1118917,
    "pc:type": "lidar",
    "timestamps:published": "2021-04-01T00:00:00Z",
    "topo4d:trafometa": {
      "reference_epoch": {
        "rel": "161111_200058",
        "href": "c:/Users/jiapan/02_projects/2025_4DWORKS/4D-WORKS/demo/kijkduin/data/161111_200058.json",
        "type": "application/json",
        "title": "Reference Epoch"
      },
      "transformation": [
        [
          0.9999999991572913,
          0.000004138695618069637,
          -0.00004084468792445023,
          0.00003487816704796348
        ],
        [
          -0.000004141561215845818,
          0.9999999975303119,
          -0.00007015856046296361,
          -0.0015980044498783352
        ],
        [
          0.00004084439745864983,
          0.00007015872956461573,
          0.9999999967047439,
          0.00006970820793416406
        ],
        [
          0,
          0,
          0,
          1
        ]
      ]
    },
    "datetime": "2016-11-11T21:00:58Z"
  },
  "links": [
    {
      "rel": "root",
      "href": "./collection.json",
      "type": "application/json",
      "title": "Kijkduin TLS Point Clouds Collection"
    },
    {
      "rel": "collection",
      "href": "./collection.json",
      "type": "application/json",
      "title": "Kijkduin TLS Point Clouds Collection"
    },
    {
      "rel": "parent",
      "href": "./collection.json",
      "type": "application/json",
      "title": "Kijkduin TLS Point Clouds Collection"
    }
  ],
  "assets": {
    "pointcloud": {
      "href": "../demo/kijkduin/data/161111/161111_210058.laz",
      "type": "application/vnd.laszip+copc",
      "roles": [
        "data"
      ]
    }
  },
  "collection": "Kijkduin"
}