{
  "type": "Feature",
  "stac_version": "1.1.0",
  "stac_extensions": [
    "https://stac-extensions.github.io/projection/v2.0.0/schema.json",
    "https://stac-extensions.github.io/pointcloud/v2.0.0/schema.json",
    "https://stac-extensions.github.io/timestamps/v1.1.0/schema.json",
    "https://stac-extensions.github.io/topo4d/v1.0.0/schema.json"
  ],
  "id": "161112_040108",
  "geometry": {
    "type": "Polygon",
    "coordinates": [
      [
        [
          4.234643242527091,
          52.062039991223024
        ],
        [
          4.234643242527091,
          52.08139864002729
        ],
        [
          4.204282042792622,
          52.08139864002729
        ],
        [
          4.204282042792622,
          52.062039991223024
        ],
        [
          4.234643242527091,
          52.062039991223024
        ]
      ]
    ]
  },
  "bbox": [
    4.204282042792622,
    52.062039991223024,
    4.234643242527091,
    52.08139864002729
  ],
  "properties": {
    "topo4d:tz": "Europe/Amsterdam",
    "topo4d:data_type": "pointcloud",
    "topo4d:acquisition_mode": "TLS",
    "topo4d:global_trafo": [
      [
        0.708647477,
        0.705554059,
        0.003496133,
        75124.664999332
      ],
      [
        -0.705561978,
        0.708645222,
        0.002060151,
        454173.49757747503
      ],
      [
        -0.00102397,
        -0.003926659,
        0.999991766,
        37.853088875
      ],
      [
        0,
        0,
        0,
        1
      ]
    ],
    "proj:code": "EPSG:7415",
    "instruments": [
      "RIEGL VZ2000"
    ],
    "pc:count": 1084793,
    "pc:type": "lidar",
    "timestamps:published": "2021-04-01T00:00:00Z",
    "topo4d:trafometa": {
      "reference_epoch": {
        "rel": "161111_200058",
        "href": "c:/Users/jiapan/02_projects/2025_4DWORKS/4D-WORKS/demo/kijkduin/data/161111_200058.json",
        "type": "application/json",
        "title": "Reference Epoch"
      },
      "transformation": [
        [
          0.9999999938940423,
          -0.000039432810460384837,
          -0.00010323259670798058,
          -0.0002692759434979033
        ],
        [
          0.00003943216964663744,
          0.9999999992032729,
          -0.000006209502829674912,
          0.002195138424044338
        ],
        [
          0.00010323284148388052,
          0.0000062054321064934985,
          0.9999999946522364,
          -0.00008351071160403358
        ],
        [
          0,
          0,
          0,
          1
        ]
      ]
    },
    "datetime": "2016-11-12T04:01:08Z"
  },
  "links": [
    {
      "rel": "root",
      "href": "./collection.json",
      "type": "application/json",
      "title": "Kijkduin TLS Point Clouds Collection"
    },
    {
      "rel": "collection",
      "href": "./collection.json",
      "type": "application/json",
      "title": "Kijkduin TLS Point Clouds Collection"
    },
    {
      "rel": "parent",
      "href": "./collection.json",
      "type": "application/json",
      "title": "Kijkduin TLS Point Clouds Collection"
    }
  ],
  "assets": {
    "pointcloud": {
      "href": "../demo/kijkduin/data/161112/161112_040108.laz",
      "type": "application/vnd.laszip+copc",
      "roles": [
        "data"
      ]
    }
  },
  "collection": "Kijkduin"
}