{
  "type": "Feature",
  "stac_version": "1.1.0",
  "stac_extensions": [
    "https://stac-extensions.github.io/topo4d/v1.0.0/schema.json"
  ],
  "id": "161112_020106",
  "geometry": {
    "type": "Polygon",
    "coordinates": [
      [
        [
          4.234879887002272,
          52.059900304531844
        ],
        [
          4.234879887002272,
          52.08199566831473
        ],
        [
          4.200229226178193,
          52.08199566831473
        ],
        [
          4.200229226178193,
          52.059900304531844
        ],
        [
          4.234879887002272,
          52.059900304531844
        ]
      ]
    ]
  },
  "bbox": [
    4.200229226178193,
    52.059900304531844,
    4.234879887002272,
    52.08199566831473
  ],
  "properties": {
    "topo4d:tz": "Europe/Amsterdam",
    "topo4d:native_crs": "EPSG:7415",
    "topo4d:data_type": "pointcloud",
    "topo4d:sensor": "RIEGL VZ2000",
    "topo4d:global_trafo": [
      [
        0.708647477,
        0.705554059,
        0.003496133,
        75124.664999332
      ],
      [
        -0.705561978,
        0.708645222,
        0.002060151,
        454173.49757747503
      ],
      [
        -0.00102397,
        -0.003926659,
        0.999991766,
        37.853088875
      ],
      [
        0,
        0,
        0,
        1
      ]
    ],
    "topo4d:trafometa": {
      "reference_epoch": {
        "rel": "161111_200058",
        "href": "c:/Users/jiapan/02_projects/2025_4DWORKS/4D-WORKS/demo/kijkduin/data/161111_200058.json",
        "type": "application/json",
        "title": "Reference Epoch"
      },
      "transformation": [
        [
          0.9999999959111098,
          -0.000016499424073071715,
          -0.00008891315736684714,
          0.000041305788825469346
        ],
        [
          0.000016497672807794322,
          0.9999999996699266,
          -0.000019697054298958197,
          0.001046785197320819
        ],
        [
          0.00008891348232755114,
          0.000019695587358240557,
          0.9999999958532383,
          0.00002483658683768084
        ],
        [
          0,
          0,
          0,
          1
        ]
      ]
    },
    "datetime": "2016-11-12T02:01:06Z"
  },
  "links": [
    {
      "rel": "root",
      "href": "./collection.json",
      "type": "application/json",
      "title": "Kijkduin TLS Point Clouds Collection"
    },
    {
      "rel": "collection",
      "href": "./collection.json",
      "type": "application/json",
      "title": "Kijkduin TLS Point Clouds Collection"
    },
    {
      "rel": "parent",
      "href": "./collection.json",
      "type": "application/json",
      "title": "Kijkduin TLS Point Clouds Collection"
    }
  ],
  "assets": {
    "pointcloud": {
      "href": "../demo/kijkduin/data/161112/161112_020106.laz",
      "type": "application/vnd.laszip+copc",
      "roles": [
        "data"
      ]
    }
  },
  "collection": "Kijkduin"
}