{
  "type": "Feature",
  "stac_version": "1.1.0",
  "stac_extensions": [
    "https://stac-extensions.github.io/topo4d/v1.0.0/schema.json"
  ],
  "id": "161112_190130",
  "geometry": {
    "type": "Polygon",
    "coordinates": [
      [
        [
          4.236587736630592,
          52.06011702285582
        ],
        [
          4.236587736630592,
          52.08208506810739
        ],
        [
          4.202127643470955,
          52.08208506810739
        ],
        [
          4.202127643470955,
          52.06011702285582
        ],
        [
          4.236587736630592,
          52.06011702285582
        ]
      ]
    ]
  },
  "bbox": [
    4.202127643470955,
    52.06011702285582,
    4.236587736630592,
    52.08208506810739
  ],
  "properties": {
    "topo4d:tz": "Europe/Amsterdam",
    "topo4d:native_crs": "EPSG:7415",
    "topo4d:data_type": "pointcloud",
    "topo4d:sensor": "RIEGL VZ2000",
    "topo4d:global_trafo": [
      [
        0.708647477,
        0.705554059,
        0.003496133,
        75124.664999332
      ],
      [
        -0.705561978,
        0.708645222,
        0.002060151,
        454173.49757747503
      ],
      [
        -0.00102397,
        -0.003926659,
        0.999991766,
        37.853088875
      ],
      [
        0,
        0,
        0,
        1
      ]
    ],
    "topo4d:trafometa": {
      "reference_epoch": {
        "rel": "161111_200058",
        "href": "c:/Users/jiapan/02_projects/2025_4DWORKS/4D-WORKS/demo/kijkduin/data/161111_200058.json",
        "type": "application/json",
        "title": "Reference Epoch"
      },
      "transformation": [
        [
          0.9999999994481961,
          -0.000023321273394167615,
          -0.0000236585309648769,
          -0.00032470903584244236
        ],
        [
          0.000023320745065369363,
          0.9999999994787242,
          -0.00002233145881723282,
          0.0008935696728796317
        ],
        [
          0.000023659051750600653,
          0.000022330907070340983,
          0.9999999994707898,
          0.00034759235398819566
        ],
        [
          0,
          0,
          0,
          1
        ]
      ]
    },
    "datetime": "2016-11-12T19:01:30Z"
  },
  "links": [
    {
      "rel": "root",
      "href": "./collection.json",
      "type": "application/json",
      "title": "Kijkduin TLS Point Clouds Collection"
    },
    {
      "rel": "collection",
      "href": "./collection.json",
      "type": "application/json",
      "title": "Kijkduin TLS Point Clouds Collection"
    },
    {
      "rel": "parent",
      "href": "./collection.json",
      "type": "application/json",
      "title": "Kijkduin TLS Point Clouds Collection"
    }
  ],
  "assets": {
    "pointcloud": {
      "href": "../demo/kijkduin/data/161112/161112_190130.laz",
      "type": "application/vnd.laszip+copc",
      "roles": [
        "data"
      ]
    }
  },
  "collection": "Kijkduin"
}