{
  "type": "Feature",
  "stac_version": "1.1.0",
  "stac_extensions": [
    "https://stac-extensions.github.io/projection/v2.0.0/schema.json",
    "https://stac-extensions.github.io/pointcloud/v2.0.0/schema.json",
    "https://stac-extensions.github.io/timestamps/v1.1.0/schema.json",
    "https://github.com/tum-rsa/topo4d/v0.1.0/schema.json"
  ],
  "id": "161112_100112",
  "geometry": {
    "type": "Polygon",
    "coordinates": [
      [
        [
          4.237767811984645,
          52.06122322148635
        ],
        [
          4.237767811984645,
          52.08262214108546
        ],
        [
          4.204224364607112,
          52.08262214108546
        ],
        [
          4.204224364607112,
          52.06122322148635
        ],
        [
          4.237767811984645,
          52.06122322148635
        ]
      ]
    ]
  },
  "bbox": [
    4.204224364607112,
    52.06122322148635,
    4.237767811984645,
    52.08262214108546
  ],
  "properties": {
    "topo4d:tz": "Europe/Amsterdam",
    "topo4d:data_type": "pointcloud",
    "topo4d:acquisition_mode": "TLS",
    "topo4d:global_trafo": [
      [
        0.708647477,
        0.705554059,
        0.003496133,
        75124.664999332
      ],
      [
        -0.705561978,
        0.708645222,
        0.002060151,
        454173.49757747503
      ],
      [
        -0.00102397,
        -0.003926659,
        0.999991766,
        37.853088875
      ],
      [
        0.0,
        0.0,
        0.0,
        1.0
      ]
    ],
    "proj:code": "EPSG:7415",
    "instruments": [
      "RIEGL VZ2000"
    ],
    "pc:count": 1149585,
    "pc:type": "lidar",
    "timestamps:published": "2021-04-01T00:00:00Z",
    "topo4d:trafometa": {
      "reference_epoch": {
        "rel": "161111_200058",
        "href": "c:/Users/jiapan/02_projects/2025_4DWORKS/4D-WORKS/demo/kijkduin/data/161111_200058.json",
        "type": "application/json",
        "title": "Reference Epoch"
      },
      "transformation": [
        [
          0.999999994895452,
          -4.456016947790217e-06,
          -0.00010094176534713473,
          -1.3783380309105185e-05
        ],
        [
          4.457996674236366e-06,
          0.9999999997977413,
          1.9612343657270878e-05,
          -0.0025236463196060114
        ],
        [
          0.00010094167793378265,
          -1.961279355521294e-05,
          0.9999999947130581,
          -0.0004190013739157225
        ],
        [
          0.0,
          0.0,
          0.0,
          1.0
        ]
      ]
    },
    "datetime": "2016-11-12T10:01:12Z"
  },
  "links": [
    {
      "rel": "root",
      "href": "./collection.json",
      "type": "application/json",
      "title": "Kijkduin TLS Point Clouds Collection"
    },
    {
      "rel": "collection",
      "href": "./collection.json",
      "type": "application/json",
      "title": "Kijkduin TLS Point Clouds Collection"
    },
    {
      "rel": "parent",
      "href": "./collection.json",
      "type": "application/json",
      "title": "Kijkduin TLS Point Clouds Collection"
    }
  ],
  "assets": {
    "pointcloud": {
      "href": "../../demo/kijkduin/data/161112/161112_100112.laz",
      "type": "application/vnd.laszip+copc",
      "roles": [
        "data"
      ]
    }
  },
  "collection": "Kijkduin"
}