{
  "type": "Feature",
  "stac_version": "1.1.0",
  "stac_extensions": [
    "https://stac-extensions.github.io/projection/v2.0.0/schema.json",
    "https://stac-extensions.github.io/pointcloud/v2.0.0/schema.json",
    "https://stac-extensions.github.io/timestamps/v1.1.0/schema.json",
    "https://tum-rsa.github.io/topo4d/v0.1.0/schema.json"
  ],
  "id": "161112_060112",
  "geometry": {
    "type": "Polygon",
    "coordinates": [
      [
        [
          4.233738494573854,
          52.06270830123752
        ],
        [
          4.233738494573854,
          52.0815447564188
        ],
        [
          4.2041993651397185,
          52.0815447564188
        ],
        [
          4.2041993651397185,
          52.06270830123752
        ],
        [
          4.233738494573854,
          52.06270830123752
        ]
      ]
    ]
  },
  "bbox": [
    4.2041993651397185,
    52.06270830123752,
    4.233738494573854,
    52.0815447564188
  ],
  "properties": {
    "topo4d:tz": "Europe/Amsterdam",
    "topo4d:data_type": "pointcloud",
    "topo4d:acquisition_mode": "TLS",
    "topo4d:global_trafo": [
      [
        0.708647477,
        0.705554059,
        0.003496133,
        75124.664999332
      ],
      [
        -0.705561978,
        0.708645222,
        0.002060151,
        454173.49757747503
      ],
      [
        -0.00102397,
        -0.003926659,
        0.999991766,
        37.853088875
      ],
      [
        0,
        0,
        0,
        1
      ]
    ],
    "proj:code": "EPSG:7415",
    "instruments": [
      "RIEGL VZ2000"
    ],
    "pc:count": 1165805,
    "pc:type": "lidar",
    "timestamps:published": "2021-04-01T00:00:00Z",
    "topo4d:trafometa": {
      "reference_epoch": {
        "rel": "161111_200058",
        "href": "c:/Users/jiapan/02_projects/2025_4DWORKS/4D-WORKS/demo/kijkduin/data/161111_200058.json",
        "type": "application/json",
        "title": "Reference Epoch"
      },
      "transformation": [
        [
          0.9999999903668442,
          0.000003049682665713472,
          -0.00013876963144511824,
          -0.000014967757337012161
        ],
        [
          -0.0000030500721251892736,
          0.9999999999914108,
          -0.0000028063065104434826,
          -0.0031360346207795556
        ],
        [
          0.00013876962288558205,
          0.000002806729740794581,
          0.9999999903675569,
          -0.00045948854432189114
        ],
        [
          0,
          0,
          0,
          1
        ]
      ]
    },
    "datetime": "2016-11-12T06:01:12Z"
  },
  "links": [
    {
      "rel": "root",
      "href": "./collection.json",
      "type": "application/json",
      "title": "Kijkduin TLS Point Clouds Collection"
    },
    {
      "rel": "collection",
      "href": "./collection.json",
      "type": "application/json",
      "title": "Kijkduin TLS Point Clouds Collection"
    },
    {
      "rel": "parent",
      "href": "./collection.json",
      "type": "application/json",
      "title": "Kijkduin TLS Point Clouds Collection"
    }
  ],
  "assets": {
    "pointcloud": {
      "href": "../../demo/kijkduin/data/161112/161112_060112.laz",
      "type": "application/vnd.laszip+copc",
      "roles": [
        "data"
      ]
    }
  },
  "collection": "Kijkduin"
}