{
  "type": "Feature",
  "stac_version": "1.1.0",
  "stac_extensions": [
    "https://stac-extensions.github.io/topo4d/v1.0.0/schema.json"
  ],
  "id": "161112_010104",
  "geometry": {
    "type": "Polygon",
    "coordinates": [
      [
        [
          4.2348612992122,
          52.06090557166028
        ],
        [
          4.2348612992122,
          52.08218506204642
        ],
        [
          4.201483272070517,
          52.08218506204642
        ],
        [
          4.201483272070517,
          52.06090557166028
        ],
        [
          4.2348612992122,
          52.06090557166028
        ]
      ]
    ]
  },
  "bbox": [
    4.201483272070517,
    52.06090557166028,
    4.2348612992122,
    52.08218506204642
  ],
  "properties": {
    "topo4d:tz": "Europe/Amsterdam",
    "topo4d:native_crs": "EPSG:7415",
    "topo4d:data_type": "pointcloud",
    "topo4d:sensor": "RIEGL VZ2000",
    "topo4d:global_trafo": [
      [
        0.708647477,
        0.705554059,
        0.003496133,
        75124.664999332
      ],
      [
        -0.705561978,
        0.708645222,
        0.002060151,
        454173.49757747503
      ],
      [
        -0.00102397,
        -0.003926659,
        0.999991766,
        37.853088875
      ],
      [
        0,
        0,
        0,
        1
      ]
    ],
    "topo4d:trafometa": {
      "reference_epoch": {
        "rel": "161111_200058",
        "href": "c:/Users/jiapan/02_projects/2025_4DWORKS/4D-WORKS/demo/kijkduin/data/161111_200058.json",
        "type": "application/json",
        "title": "Reference Epoch"
      },
      "transformation": [
        [
          0.9999999945842725,
          -0.000012814584326133181,
          -0.00010328233705685257,
          -0.000042428717790977495
        ],
        [
          0.000012806270440591815,
          0.9999999966781209,
          -0.00008049694231416344,
          0.000377773556018205
        ],
        [
          0.00010328336824861641,
          0.00008049561921667383,
          0.9999999914265004,
          0.0000018277197340443169
        ],
        [
          0,
          0,
          0,
          1
        ]
      ]
    },
    "datetime": "2016-11-12T01:01:04Z"
  },
  "links": [
    {
      "rel": "root",
      "href": "./collection.json",
      "type": "application/json",
      "title": "Kijkduin TLS Point Clouds Collection"
    },
    {
      "rel": "collection",
      "href": "./collection.json",
      "type": "application/json",
      "title": "Kijkduin TLS Point Clouds Collection"
    },
    {
      "rel": "parent",
      "href": "./collection.json",
      "type": "application/json",
      "title": "Kijkduin TLS Point Clouds Collection"
    }
  ],
  "assets": {
    "pointcloud": {
      "href": "../demo/kijkduin/data/161112/161112_010104.laz",
      "type": "application/vnd.laszip+copc",
      "roles": [
        "data"
      ]
    }
  },
  "collection": "Kijkduin"
}