{
  "type": "Feature",
  "stac_version": "1.1.0",
  "stac_extensions": [
    "https://stac-extensions.github.io/projection/v2.0.0/schema.json",
    "https://stac-extensions.github.io/pointcloud/v2.0.0/schema.json",
    "https://stac-extensions.github.io/timestamps/v1.1.0/schema.json",
    "https://tum-rsa.github.io/topo4d/v0.2.0/schema.json"
  ],
  "id": "161112_090111",
  "geometry": {
    "type": "Polygon",
    "coordinates": [
      [
        [
          4.2344326379653605,
          52.06225476342425
        ],
        [
          4.2344326379653605,
          52.080956747230644
        ],
        [
          4.205106285856978,
          52.080956747230644
        ],
        [
          4.205106285856978,
          52.06225476342425
        ],
        [
          4.2344326379653605,
          52.06225476342425
        ]
      ]
    ]
  },
  "bbox": [
    4.205106285856978,
    52.06225476342425,
    4.2344326379653605,
    52.080956747230644
  ],
  "properties": {
    "topo4d:tz": "Europe/Amsterdam",
    "topo4d:data_type": "pointcloud",
    "topo4d:acquisition_mode": "TLS",
    "topo4d:global_trafo": [
      [
        0.708647477,
        0.705554059,
        0.003496133,
        75124.664999332
      ],
      [
        -0.705561978,
        0.708645222,
        0.002060151,
        454173.49757747503
      ],
      [
        -0.00102397,
        -0.003926659,
        0.999991766,
        37.853088875
      ],
      [
        0,
        0,
        0,
        1
      ]
    ],
    "proj:code": "EPSG:7415",
    "instruments": [
      "RIEGL VZ2000"
    ],
    "pc:count": 1134422,
    "pc:type": "lidar",
    "timestamps:published": "2021-04-01T00:00:00Z",
    "topo4d:trafometa": {
      "reference_epoch": {
        "rel": "161111_200058",
        "href": "c:/Users/jiapan/02_projects/2025_4DWORKS/4D-WORKS/demo/kijkduin/data/161111_200058.json",
        "type": "application/json",
        "title": "Reference Epoch"
      },
      "transformation": [
        [
          0.9999999152010612,
          0.00001719010709615073,
          -0.00041146369230476217,
          0.0002328324447954509
        ],
        [
          -0.00001729315805031532,
          0.9999999684885119,
          -0.0002504474424748401,
          -0.002114139937623672
        ],
        [
          0.00041145937412057087,
          0.0002504545367438258,
          0.9999998839868475,
          -0.001518898985555007
        ],
        [
          0,
          0,
          0,
          1
        ]
      ]
    },
    "datetime": "2016-11-12T09:01:11Z"
  },
  "links": [
    {
      "rel": "root",
      "href": "./collection.json",
      "type": "application/json",
      "title": "Kijkduin TLS Point Clouds Collection"
    },
    {
      "rel": "collection",
      "href": "./collection.json",
      "type": "application/json",
      "title": "Kijkduin TLS Point Clouds Collection"
    },
    {
      "rel": "parent",
      "href": "./collection.json",
      "type": "application/json",
      "title": "Kijkduin TLS Point Clouds Collection"
    }
  ],
  "assets": {
    "pointcloud": {
      "href": "../../demo/kijkduin/data/161112/161112_090111.laz",
      "type": "application/vnd.laszip+copc",
      "roles": [
        "data"
      ]
    }
  },
  "collection": "Kijkduin"
}