{
  "type": "Feature",
  "stac_version": "1.1.0",
  "stac_extensions": [
    "https://stac-extensions.github.io/topo4d/v1.0.0/schema.json"
  ],
  "id": "161112_180119",
  "geometry": {
    "type": "Polygon",
    "coordinates": [
      [
        [
          4.236650503213495,
          52.06015060840091
        ],
        [
          4.236650503213495,
          52.083242735836265
        ],
        [
          4.200421867503003,
          52.083242735836265
        ],
        [
          4.200421867503003,
          52.06015060840091
        ],
        [
          4.236650503213495,
          52.06015060840091
        ]
      ]
    ]
  },
  "bbox": [
    4.200421867503003,
    52.06015060840091,
    4.236650503213495,
    52.083242735836265
  ],
  "properties": {
    "topo4d:tz": "Europe/Amsterdam",
    "topo4d:native_crs": "EPSG:7415",
    "topo4d:data_type": "pointcloud",
    "topo4d:sensor": "RIEGL VZ2000",
    "topo4d:global_trafo": [
      [
        0.708647477,
        0.705554059,
        0.003496133,
        75124.664999332
      ],
      [
        -0.705561978,
        0.708645222,
        0.002060151,
        454173.49757747503
      ],
      [
        -0.00102397,
        -0.003926659,
        0.999991766,
        37.853088875
      ],
      [
        0,
        0,
        0,
        1
      ]
    ],
    "topo4d:trafometa": {
      "reference_epoch": {
        "rel": "161111_200058",
        "href": "c:/Users/jiapan/02_projects/2025_4DWORKS/4D-WORKS/demo/kijkduin/data/161111_200058.json",
        "type": "application/json",
        "title": "Reference Epoch"
      },
      "transformation": [
        [
          0.9999999999173194,
          -0.000011980287145813128,
          0.00000467268190141839,
          -0.000010886134440467626
        ],
        [
          0.000011980226027346896,
          0.9999999998426969,
          0.00001307976308127109,
          -0.0020471263251526026
        ],
        [
          -0.000004672838600000877,
          -0.000013079707100404316,
          0.9999999999035429,
          0.00031193306583149
        ],
        [
          0,
          0,
          0,
          1
        ]
      ]
    },
    "datetime": "2016-11-12T18:01:19Z"
  },
  "links": [
    {
      "rel": "root",
      "href": "./collection.json",
      "type": "application/json",
      "title": "Kijkduin TLS Point Clouds Collection"
    },
    {
      "rel": "collection",
      "href": "./collection.json",
      "type": "application/json",
      "title": "Kijkduin TLS Point Clouds Collection"
    },
    {
      "rel": "parent",
      "href": "./collection.json",
      "type": "application/json",
      "title": "Kijkduin TLS Point Clouds Collection"
    }
  ],
  "assets": {
    "pointcloud": {
      "href": "../demo/kijkduin/data/161112/161112_180119.laz",
      "type": "application/vnd.laszip+copc",
      "roles": [
        "data"
      ]
    }
  },
  "collection": "Kijkduin"
}