{
  "type": "Feature",
  "stac_version": "1.1.0",
  "stac_extensions": [
    "https://stac-extensions.github.io/projection/v2.0.0/schema.json",
    "https://stac-extensions.github.io/pointcloud/v2.0.0/schema.json",
    "https://stac-extensions.github.io/timestamps/v1.1.0/schema.json",
    "https://github.com/tum-rsa/topo4d/v0.1.0/schema.json"
  ],
  "id": "161112_010104",
  "geometry": {
    "type": "Polygon",
    "coordinates": [
      [
        [
          4.2348612992122,
          52.06090557166028
        ],
        [
          4.2348612992122,
          52.08218506204642
        ],
        [
          4.201483272070518,
          52.08218506204642
        ],
        [
          4.201483272070518,
          52.06090557166028
        ],
        [
          4.2348612992122,
          52.06090557166028
        ]
      ]
    ]
  },
  "bbox": [
    4.201483272070518,
    52.06090557166028,
    4.2348612992122,
    52.08218506204642
  ],
  "properties": {
    "topo4d:tz": "Europe/Amsterdam",
    "topo4d:data_type": "pointcloud",
    "topo4d:acquisition_mode": "TLS",
    "topo4d:global_trafo": [
      [
        0.708647477,
        0.705554059,
        0.003496133,
        75124.664999332
      ],
      [
        -0.705561978,
        0.708645222,
        0.002060151,
        454173.49757747503
      ],
      [
        -0.00102397,
        -0.003926659,
        0.999991766,
        37.853088875
      ],
      [
        0.0,
        0.0,
        0.0,
        1.0
      ]
    ],
    "proj:code": "EPSG:7415",
    "instruments": [
      "RIEGL VZ2000"
    ],
    "pc:count": 1057587,
    "pc:type": "lidar",
    "timestamps:published": "2021-04-01T00:00:00Z",
    "topo4d:trafometa": {
      "reference_epoch": {
        "rel": "161111_200058",
        "href": "c:/Users/jiapan/02_projects/2025_4DWORKS/4D-WORKS/demo/kijkduin/data/161111_200058.json",
        "type": "application/json",
        "title": "Reference Epoch"
      },
      "transformation": [
        [
          0.9999999945842725,
          -1.2814584326133181e-05,
          -0.00010328233705685257,
          -4.2428717790977495e-05
        ],
        [
          1.2806270440591815e-05,
          0.9999999966781209,
          -8.049694231416344e-05,
          0.000377773556018205
        ],
        [
          0.00010328336824861641,
          8.049561921667383e-05,
          0.9999999914265004,
          1.8277197340443169e-06
        ],
        [
          0.0,
          0.0,
          0.0,
          1.0
        ]
      ]
    },
    "datetime": "2016-11-12T01:01:04Z"
  },
  "links": [
    {
      "rel": "root",
      "href": "./collection.json",
      "type": "application/json",
      "title": "Kijkduin TLS Point Clouds Collection"
    },
    {
      "rel": "collection",
      "href": "./collection.json",
      "type": "application/json",
      "title": "Kijkduin TLS Point Clouds Collection"
    },
    {
      "rel": "parent",
      "href": "./collection.json",
      "type": "application/json",
      "title": "Kijkduin TLS Point Clouds Collection"
    }
  ],
  "assets": {
    "pointcloud": {
      "href": "../../demo/kijkduin/data/161112/161112_010104.laz",
      "type": "application/vnd.laszip+copc",
      "roles": [
        "data"
      ]
    }
  },
  "collection": "Kijkduin"
}