{
  "type": "Feature",
  "stac_version": "1.1.0",
  "stac_extensions": [
    "https://stac-extensions.github.io/projection/v2.0.0/schema.json",
    "https://stac-extensions.github.io/pointcloud/v2.0.0/schema.json",
    "https://stac-extensions.github.io/timestamps/v1.1.0/schema.json",
    "https://tum-rsa.github.io/topo4d/v0.1.0/schema.json"
  ],
  "id": "161112_000104",
  "geometry": {
    "type": "Polygon",
    "coordinates": [
      [
        [
          4.234885630807016,
          52.06188152630563
        ],
        [
          4.234885630807016,
          52.08258087216234
        ],
        [
          4.202409109539622,
          52.08258087216234
        ],
        [
          4.202409109539622,
          52.06188152630563
        ],
        [
          4.234885630807016,
          52.06188152630563
        ]
      ]
    ]
  },
  "bbox": [
    4.202409109539622,
    52.06188152630563,
    4.234885630807016,
    52.08258087216234
  ],
  "properties": {
    "topo4d:tz": "Europe/Amsterdam",
    "topo4d:data_type": "pointcloud",
    "topo4d:acquisition_mode": "TLS",
    "topo4d:global_trafo": [
      [
        0.708647477,
        0.705554059,
        0.003496133,
        75124.664999332
      ],
      [
        -0.705561978,
        0.708645222,
        0.002060151,
        454173.49757747503
      ],
      [
        -0.00102397,
        -0.003926659,
        0.999991766,
        37.853088875
      ],
      [
        0,
        0,
        0,
        1
      ]
    ],
    "proj:code": "EPSG:7415",
    "instruments": [
      "RIEGL VZ2000"
    ],
    "pc:count": 1069842,
    "pc:type": "lidar",
    "timestamps:published": "2021-04-01T00:00:00Z",
    "topo4d:trafometa": {
      "reference_epoch": {
        "rel": "161111_200058",
        "href": "c:/Users/jiapan/02_projects/2025_4DWORKS/4D-WORKS/demo/kijkduin/data/161111_200058.json",
        "type": "application/json",
        "title": "Reference Epoch"
      },
      "transformation": [
        [
          0.9999999979706354,
          -0.000002059448287723691,
          -0.00006367485840387213,
          -0.00029832438867973205
        ],
        [
          0.0000020588082284451314,
          0.9999999999473588,
          -0.000010052057660817218,
          -0.000006331944733310903
        ],
        [
          0.00006367487910221312,
          0.0000100519265460955,
          0.9999999979222344,
          0.00009085419135046823
        ],
        [
          0,
          0,
          0,
          1
        ]
      ]
    },
    "datetime": "2016-11-12T00:01:04Z"
  },
  "links": [
    {
      "rel": "root",
      "href": "./collection.json",
      "type": "application/json",
      "title": "Kijkduin TLS Point Clouds Collection"
    },
    {
      "rel": "collection",
      "href": "./collection.json",
      "type": "application/json",
      "title": "Kijkduin TLS Point Clouds Collection"
    },
    {
      "rel": "parent",
      "href": "./collection.json",
      "type": "application/json",
      "title": "Kijkduin TLS Point Clouds Collection"
    }
  ],
  "assets": {
    "pointcloud": {
      "href": "../../demo/kijkduin/data/161112/161112_000104.laz",
      "type": "application/vnd.laszip+copc",
      "roles": [
        "data"
      ]
    }
  },
  "collection": "Kijkduin"
}