{
  "type": "Feature",
  "stac_version": "1.1.0",
  "stac_extensions": [
    "https://stac-extensions.github.io/topo4d/v1.0.0/schema.json"
  ],
  "id": "161111_220103",
  "geometry": {
    "type": "Polygon",
    "coordinates": [
      [
        [
          4.2376983842721945,
          52.06012663115834
        ],
        [
          4.2376983842721945,
          52.08208414469421
        ],
        [
          4.203263418373294,
          52.08208414469421
        ],
        [
          4.203263418373294,
          52.06012663115834
        ],
        [
          4.2376983842721945,
          52.06012663115834
        ]
      ]
    ]
  },
  "bbox": [
    4.203263418373294,
    52.06012663115834,
    4.2376983842721945,
    52.08208414469421
  ],
  "properties": {
    "topo4d:tz": "Europe/Amsterdam",
    "topo4d:native_crs": "EPSG:7415",
    "topo4d:data_type": "pointcloud",
    "topo4d:sensor": "RIEGL VZ2000",
    "topo4d:global_trafo": [
      [
        0.708647477,
        0.705554059,
        0.003496133,
        75124.664999332
      ],
      [
        -0.705561978,
        0.708645222,
        0.002060151,
        454173.49757747503
      ],
      [
        -0.00102397,
        -0.003926659,
        0.999991766,
        37.853088875
      ],
      [
        0,
        0,
        0,
        1
      ]
    ],
    "topo4d:trafometa": {
      "reference_epoch": {
        "rel": "161111_200058",
        "href": "c:/Users/jiapan/02_projects/2025_4DWORKS/4D-WORKS/demo/kijkduin/data/161111_200058.json",
        "type": "application/json",
        "title": "Reference Epoch"
      },
      "transformation": [
        [
          0.9999999995147936,
          0.0000020272188436130296,
          -0.000031085423523848185,
          0.000017669183163285757
        ],
        [
          -0.0000020268177789274174,
          0.9999999999147147,
          0.000012902043809669274,
          -0.0017774371145853002
        ],
        [
          0.00003108544967646339,
          -0.000012901980798920051,
          0.999999999433617,
          0.00016008972527166903
        ],
        [
          0,
          0,
          0,
          1
        ]
      ]
    },
    "datetime": "2016-11-11T22:01:03Z"
  },
  "links": [
    {
      "rel": "root",
      "href": "./collection.json",
      "type": "application/json",
      "title": "Kijkduin TLS Point Clouds Collection"
    },
    {
      "rel": "collection",
      "href": "./collection.json",
      "type": "application/json",
      "title": "Kijkduin TLS Point Clouds Collection"
    },
    {
      "rel": "parent",
      "href": "./collection.json",
      "type": "application/json",
      "title": "Kijkduin TLS Point Clouds Collection"
    }
  ],
  "assets": {
    "pointcloud": {
      "href": "../demo/kijkduin/data/161111/161111_220103.laz",
      "type": "application/vnd.laszip+copc",
      "roles": [
        "data"
      ]
    }
  },
  "collection": "Kijkduin"
}