{
  "type": "Feature",
  "stac_version": "1.1.0",
  "stac_extensions": [
    "https://stac-extensions.github.io/projection/v2.0.0/schema.json",
    "https://stac-extensions.github.io/pointcloud/v2.0.0/schema.json",
    "https://stac-extensions.github.io/timestamps/v1.1.0/schema.json",
    "https://github.com/tum-rsa/topo4d/v0.1.0/schema.json"
  ],
  "id": "161112_080111",
  "geometry": {
    "type": "Polygon",
    "coordinates": [
      [
        [
          4.234696117662841,
          52.061052079910844
        ],
        [
          4.234696117662841,
          52.080697170920516
        ],
        [
          4.203897112380584,
          52.080697170920516
        ],
        [
          4.203897112380584,
          52.061052079910844
        ],
        [
          4.234696117662841,
          52.061052079910844
        ]
      ]
    ]
  },
  "bbox": [
    4.203897112380584,
    52.061052079910844,
    4.234696117662841,
    52.080697170920516
  ],
  "properties": {
    "topo4d:tz": "Europe/Amsterdam",
    "topo4d:data_type": "pointcloud",
    "topo4d:acquisition_mode": "TLS",
    "topo4d:global_trafo": [
      [
        0.708647477,
        0.705554059,
        0.003496133,
        75124.664999332
      ],
      [
        -0.705561978,
        0.708645222,
        0.002060151,
        454173.49757747503
      ],
      [
        -0.00102397,
        -0.003926659,
        0.999991766,
        37.853088875
      ],
      [
        0,
        0,
        0,
        1
      ]
    ],
    "proj:code": "EPSG:7415",
    "instruments": [
      "RIEGL VZ2000"
    ],
    "pc:count": 1136136,
    "pc:type": "lidar",
    "timestamps:published": "2021-04-01T00:00:00Z",
    "topo4d:trafometa": {
      "reference_epoch": {
        "rel": "161111_200058",
        "href": "c:/Users/jiapan/02_projects/2025_4DWORKS/4D-WORKS/demo/kijkduin/data/161111_200058.json",
        "type": "application/json",
        "title": "Reference Epoch"
      },
      "transformation": [
        [
          0.9999999842072116,
          -0.00003489084515909779,
          -0.00017426475613007434,
          -0.00045147881277011554
        ],
        [
          0.000034894927645812984,
          0.9999999991168318,
          0.000023423935694925414,
          0.002570726133359831
        ],
        [
          0.00017426393869525577,
          -0.000023430016281052503,
          0.9999999845415567,
          -0.0002776672623967233
        ],
        [
          0,
          0,
          0,
          1
        ]
      ]
    },
    "datetime": "2016-11-12T08:01:11Z"
  },
  "links": [
    {
      "rel": "root",
      "href": "./collection.json",
      "type": "application/json",
      "title": "Kijkduin TLS Point Clouds Collection"
    },
    {
      "rel": "collection",
      "href": "./collection.json",
      "type": "application/json",
      "title": "Kijkduin TLS Point Clouds Collection"
    },
    {
      "rel": "parent",
      "href": "./collection.json",
      "type": "application/json",
      "title": "Kijkduin TLS Point Clouds Collection"
    }
  ],
  "assets": {
    "pointcloud": {
      "href": "../../demo/kijkduin/data/161112/161112_080111.laz",
      "type": "application/vnd.laszip+copc",
      "roles": [
        "data"
      ]
    }
  },
  "collection": "Kijkduin"
}